8,15
3,2
3,1
3,3
10,285
10,279
10,95
10,241
10,213
10,291
11,25
11,23
8,7
8,16
8,11
8,13
2,2
2,1
2,3
42,3
42,1
24,3
24,1
21,3
21,2
21,1
21,0
20,3
20,2
20,1
19,3
19,2
19,1
18,3
18,1
14,3
14,1
13,3
13,1
12,3
12,2
12,1
11,29
11,27
11,22
11,21
11,20
11,19
11,18
11,17
11,15
11,14
11,13
11,12
11,11
11,9
11,7
11,6
11,5
11,3
11,2
11,1
10,309
10,305
10,303
10,298
10,295
10,287
10,271
10,263
10,253
10,247
10,245
10,237
10,225
10,219
10,217
10,216
10,212
10,207
10,205
10,202
10,191
10,184
10,177
10,175
10,171
10,168
10,161
10,159
10,157
10,151
10,147
10,143
10,139
10,125
10,119
10,117
10,111
10,94
10,85
10,77
10,69
10,67
10,33
10,29
