9,5
10,138
10,152
10,210
10,156
10,10
10,168
10,2
10,3
9,7
9,4
9,1
9,6
9,2
9,3
8,17
8,12
8,13
8,14
8,9
8,2
8,3
43,3
43,1
25,3
25,1
20,3
20,2
20,1
19,2
12,3
19,1
12,2
19,3
12,1
11,29
11,28
11,27
11,26
11,25
11,24
11,23
11,22
11,21
11,20
11,19
11,18
11,17
11,16
11,15
11,14
11,13
11,12
11,11
11,10
11,9
11,8
11,7
11,6
11,5
11,4
11,3
11,2
11,1
11,0
10,310
10,297
10,288
10,287
10,281
10,272
10,268
10,261
10,260
10,257
10,254
10,246
10,228
10,226
10,225
10,220
10,218
10,215
10,209
10,208
10,197
10,196
10,190
10,186
10,179
10,159
18,1
10,154
18,3
10,144
10,142
10,139
10,132
10,130
14,1
10,125
14,3
10,116
13,1
10,109
13,3
10,105
10,102
10,95
